pos/00017236_075.jpg 1 0 0 100 100
pos/00002360_002.jpg 1 0 0 100 100
pos/00022965_004.jpg 1 0 0 100 100
pos/00013779_000.jpg 1 0 0 100 100
pos/00007444_003.jpg 1 0 0 100 100
pos/00012777_005.jpg 1 0 0 100 100
pos/00016991_002.jpg 1 0 0 100 100
pos/00003064_026.jpg 1 0 0 100 100
pos/00001247_011.jpg 1 0 0 100 100
pos/00006832_001.jpg 1 0 0 100 100
pos/00015628_018.jpg 1 0 0 100 100
pos/00017005_000.jpg 1 0 0 100 100
pos/00021710_002.jpg 1 0 0 100 100
pos/00013615_053.jpg 1 0 0 100 100
pos/00007735_018.jpg 1 0 0 100 100
pos/00015273_000.jpg 1 0 0 100 100
pos/00004344_002.jpg 1 0 0 100 100
pos/00002109_000.jpg 1 0 0 100 100
pos/00013997_000.jpg 1 0 0 100 100
pos/00013611_001.jpg 1 0 0 100 100
pos/00003248_007.jpg 1 0 0 100 100
pos/00005963_025.jpg 1 0 0 100 100
pos/00014414_007.jpg 1 0 0 100 100
pos/00026112_001.jpg 1 0 0 100 100
pos/00021201_037.jpg 1 0 0 100 100
pos/00029889_000.jpg 1 0 0 100 100
pos/00013930_001.jpg 1 0 0 100 100
pos/00012761_007.jpg 1 0 0 100 100
pos/00017714_019.jpg 1 0 0 100 100
pos/00028924_005.jpg 1 0 0 100 100
pos/00021706_004.jpg 1 0 0 100 100
pos/00026908_002.jpg 1 0 0 100 100
pos/00010805_042.jpg 1 0 0 100 100
pos/00012733_000.jpg 1 0 0 100 100
pos/00019169_001.jpg 1 0 0 100 100
pos/00000893_000.jpg 1 0 0 100 100
pos/00006289_005.jpg 1 0 0 100 100
pos/00005069_001.jpg 1 0 0 100 100
pos/00014603_006.jpg 1 0 0 100 100
pos/00022877_014.jpg 1 0 0 100 100
pos/00017641_003.jpg 1 0 0 100 100
pos/00000193_019.jpg 1 0 0 100 100
pos/00005567_025.jpg 1 0 0 100 100
pos/00001946_007.jpg 1 0 0 100 100
pos/00030621_002.jpg 1 0 0 100 100
pos/00003523_011.jpg 1 0 0 100 100
pos/00003510_008.jpg 1 0 0 100 100
pos/00020076_002.jpg 1 0 0 100 100
pos/00005778_001.jpg 1 0 0 100 100
pos/00015809_014.jpg 1 0 0 100 100
pos/00000165_001.jpg 1 0 0 100 100
pos/00027784_007.jpg 1 0 0 100 100
pos/00009323_005.jpg 1 0 0 100 100
pos/00011472_001.jpg 1 0 0 100 100
pos/00012667_000.jpg 1 0 0 100 100
pos/00019707_017.jpg 1 0 0 100 100
pos/00008397_016.jpg 1 0 0 100 100
pos/00003053_007.jpg 1 0 0 100 100
pos/00005638_000.jpg 1 0 0 100 100
pos/00005274_011.jpg 1 0 0 100 100
pos/00010375_001.jpg 1 0 0 100 100
pos/00016896_012.jpg 1 0 0 100 100
pos/00002288_004.jpg 1 0 0 100 100
pos/00006490_006.jpg 1 0 0 100 100
pos/00001582_019.jpg 1 0 0 100 100
pos/00020405_030.jpg 1 0 0 100 100
pos/00022201_000.jpg 1 0 0 100 100
pos/00026938_000.jpg 1 0 0 100 100
pos/00015734_000.jpg 1 0 0 100 100
pos/00001749_003.jpg 1 0 0 100 100
pos/00021571_000.jpg 1 0 0 100 100
pos/00014405_001.jpg 1 0 0 100 100
pos/00010544_000.jpg 1 0 0 100 100
pos/00028764_002.jpg 1 0 0 100 100
pos/00008727_009.jpg 1 0 0 100 100
pos/00001637_001.jpg 1 0 0 100 100
pos/00006966_004.jpg 1 0 0 100 100
pos/00028873_017.jpg 1 0 0 100 100
pos/00021572_017.jpg 1 0 0 100 100
pos/00014647_005.jpg 1 0 0 100 100
pos/00019962_002.jpg 1 0 0 100 100
pos/00027266_001.jpg 1 0 0 100 100
pos/00019750_031.jpg 1 0 0 100 100
pos/00008470_008.jpg 1 0 0 100 100
pos/00010375_000.jpg 1 0 0 100 100
pos/00026085_000.jpg 1 0 0 100 100
pos/00011973_015.jpg 1 0 0 100 100
pos/00018525_000.jpg 1 0 0 100 100
pos/00013447_012.jpg 1 0 0 100 100
pos/00008362_013.jpg 1 0 0 100 100
pos/00015018_003.jpg 1 0 0 100 100
pos/00006717_007.jpg 1 0 0 100 100
pos/00003950_002.jpg 1 0 0 100 100
pos/00016972_028.jpg 1 0 0 100 100
pos/00026366_001.jpg 1 0 0 100 100
pos/00003510_010.jpg 1 0 0 100 100
pos/00005567_017.jpg 1 0 0 100 100
pos/00002118_009.jpg 1 0 0 100 100
pos/00019021_001.jpg 1 0 0 100 100
pos/00003510_009.jpg 1 0 0 100 100
pos/00010693_012.jpg 1 0 0 100 100
pos/00010544_029.jpg 1 0 0 100 100
pos/00018237_028.jpg 1 0 0 100 100
pos/00000310_001.jpg 1 0 0 100 100
pos/00003426_017.jpg 1 0 0 100 100
pos/00012834_085.jpg 1 0 0 100 100
pos/00025806_005.jpg 1 0 0 100 100
pos/00018960_023.jpg 1 0 0 100 100
pos/00009081_000.jpg 1 0 0 100 100
pos/00014958_001.jpg 1 0 0 100 100
pos/00015809_015.jpg 1 0 0 100 100
pos/00016362_000.jpg 1 0 0 100 100
pos/00013662_005.jpg 1 0 0 100 100
pos/00014072_002.jpg 1 0 0 100 100
pos/00009229_003.jpg 1 0 0 100 100
pos/00007992_006.jpg 1 0 0 100 100
pos/00025583_005.jpg 1 0 0 100 100
pos/00000144_001.jpg 1 0 0 100 100
pos/00001837_002.jpg 1 0 0 100 100
pos/00010586_000.jpg 1 0 0 100 100
pos/00020928_000.jpg 1 0 0 100 100
pos/00027775_004.jpg 1 0 0 100 100
pos/00000963_007.jpg 1 0 0 100 100
pos/00015968_000.jpg 1 0 0 100 100
pos/00009798_016.jpg 1 0 0 100 100
pos/00007699_003.jpg 1 0 0 100 100
pos/00021016_000.jpg 1 0 0 100 100
pos/00017236_034.jpg 1 0 0 100 100
pos/00015338_015.jpg 1 0 0 100 100
pos/00015806_003.jpg 1 0 0 100 100
pos/00007787_001.jpg 1 0 0 100 100
pos/00011147_000.jpg 1 0 0 100 100
pos/00010505_018.jpg 1 0 0 100 100
pos/00026629_006.jpg 1 0 0 100 100
pos/00017138_068.jpg 1 0 0 100 100
pos/00012158_021.jpg 1 0 0 100 100
pos/00000218_001.jpg 1 0 0 100 100
pos/00009048_002.jpg 1 0 0 100 100
pos/00012094_009.jpg 1 0 0 100 100
pos/00019770_000.jpg 1 0 0 100 100
pos/00022156_008.jpg 1 0 0 100 100
pos/00001182_004.jpg 1 0 0 100 100
pos/00022952_003.jpg 1 0 0 100 100
pos/00018191_003.jpg 1 0 0 100 100
pos/00003973_007.jpg 1 0 0 100 100
pos/00027508_001.jpg 1 0 0 100 100
pos/00011966_007.jpg 1 0 0 100 100
pos/00028076_000.jpg 1 0 0 100 100
pos/00006985_002.jpg 1 0 0 100 100
pos/00014616_011.jpg 1 0 0 100 100
pos/00021895_001.jpg 1 0 0 100 100
pos/00010384_035.jpg 1 0 0 100 100
pos/00022156_007.jpg 1 0 0 100 100
pos/00019895_002.jpg 1 0 0 100 100
pos/00017231_001.jpg 1 0 0 100 100
pos/00005138_009.jpg 1 0 0 100 100
pos/00013641_048.jpg 1 0 0 100 100
pos/00016205_000.jpg 1 0 0 100 100
pos/00025383_002.jpg 1 0 0 100 100
pos/00001018_005.jpg 1 0 0 100 100
pos/00016291_015.jpg 1 0 0 100 100
pos/00022192_038.jpg 1 0 0 100 100
pos/00016825_000.jpg 1 0 0 100 100
pos/00021627_007.jpg 1 0 0 100 100
pos/00028301_000.jpg 1 0 0 100 100
pos/00003211_000.jpg 1 0 0 100 100
pos/00022329_001.jpg 1 0 0 100 100
pos/00016705_003.jpg 1 0 0 100 100
pos/00025776_000.jpg 1 0 0 100 100
pos/00019275_001.jpg 1 0 0 100 100
pos/00026580_000.jpg 1 0 0 100 100
pos/00030079_018.jpg 1 0 0 100 100
pos/00026806_000.jpg 1 0 0 100 100
pos/00022436_000.jpg 1 0 0 100 100
pos/00026883_001.jpg 1 0 0 100 100
pos/00028457_010.jpg 1 0 0 100 100
pos/00001162_000.jpg 1 0 0 100 100
pos/00013615_004.jpg 1 0 0 100 100
pos/00027539_001.jpg 1 0 0 100 100
pos/00019275_002.jpg 1 0 0 100 100
pos/00020171_000.jpg 1 0 0 100 100
pos/00017652_000.jpg 1 0 0 100 100
pos/00028173_010.jpg 1 0 0 100 100
pos/00011553_045.jpg 1 0 0 100 100
pos/00014492_005.jpg 1 0 0 100 100
pos/00003640_004.jpg 1 0 0 100 100
pos/00007191_001.jpg 1 0 0 100 100
pos/00011188_002.jpg 1 0 0 100 100
pos/00016936_000.jpg 1 0 0 100 100
pos/00016011_011.jpg 1 0 0 100 100
pos/00018926_001.jpg 1 0 0 100 100
pos/00006296_032.jpg 1 0 0 100 100
pos/00013992_005.jpg 1 0 0 100 100
pos/00018843_000.jpg 1 0 0 100 100
pos/00025624_000.jpg 1 0 0 100 100
pos/00014393_007.jpg 1 0 0 100 100
pos/00026374_004.jpg 1 0 0 100 100
pos/00017254_000.jpg 1 0 0 100 100
pos/00021399_000.jpg 1 0 0 100 100
pos/00011966_006.jpg 1 0 0 100 100
pos/00021243_001.jpg 1 0 0 100 100
pos/00017659_000.jpg 1 0 0 100 100
pos/00010773_017.jpg 1 0 0 100 100
pos/00015977_002.jpg 1 0 0 100 100
pos/00013625_069.jpg 1 0 0 100 100
pos/00009863_059.jpg 1 0 0 100 100
pos/00021201_036.jpg 1 0 0 100 100
pos/00003092_000.jpg 1 0 0 100 100
pos/00025607_001.jpg 1 0 0 100 100
pos/00025383_001.jpg 1 0 0 100 100
pos/00019176_076.jpg 1 0 0 100 100
pos/00011882_000.jpg 1 0 0 100 100
pos/00002572_006.jpg 1 0 0 100 100
pos/00013993_046.jpg 1 0 0 100 100
pos/00001021_000.jpg 1 0 0 100 100
pos/00021706_005.jpg 1 0 0 100 100
pos/00010531_012.jpg 1 0 0 100 100
pos/00002451_007.jpg 1 0 0 100 100
pos/00001529_002.jpg 1 0 0 100 100
pos/00016036_001.jpg 1 0 0 100 100
pos/00000798_025.jpg 1 0 0 100 100
pos/00005892_001.jpg 1 0 0 100 100
pos/00001749_002.jpg 1 0 0 100 100
pos/00001992_002.jpg 1 0 0 100 100
pos/00016184_037.jpg 1 0 0 100 100
pos/00006997_000.jpg 1 0 0 100 100
pos/00020945_021.jpg 1 0 0 100 100
pos/00000061_015.jpg 1 0 0 100 100
pos/00004893_027.jpg 1 0 0 100 100
pos/00001946_024.jpg 1 0 0 100 100
pos/00015442_001.jpg 1 0 0 100 100
pos/00004893_070.jpg 1 0 0 100 100
pos/00021584_001.jpg 1 0 0 100 100
pos/00010334_010.jpg 1 0 0 100 100
pos/00012094_011.jpg 1 0 0 100 100
pos/00013070_000.jpg 1 0 0 100 100
pos/00026389_002.jpg 1 0 0 100 100
pos/00013272_005.jpg 1 0 0 100 100
pos/00009903_000.jpg 1 0 0 100 100
pos/00009863_058.jpg 1 0 0 100 100
pos/00011553_006.jpg 1 0 0 100 100
pos/00019865_013.jpg 1 0 0 100 100
pos/00015826_036.jpg 1 0 0 100 100
pos/00020482_029.jpg 1 0 0 100 100
pos/00016425_000.jpg 1 0 0 100 100
pos/00015605_051.jpg 1 0 0 100 100
pos/00010761_002.jpg 1 0 0 100 100
pos/00026825_008.jpg 1 0 0 100 100
pos/00016972_005.jpg 1 0 0 100 100
pos/00016778_028.jpg 1 0 0 100 100
pos/00014294_011.jpg 1 0 0 100 100
pos/00018198_004.jpg 1 0 0 100 100
pos/00015442_000.jpg 1 0 0 100 100
pos/00011514_015.jpg 1 0 0 100 100
pos/00018996_002.jpg 1 0 0 100 100
pos/00025075_006.jpg 1 0 0 100 100
pos/00016705_002.jpg 1 0 0 100 100
pos/00011386_000.jpg 1 0 0 100 100
pos/00021860_003.jpg 1 0 0 100 100
pos/00001906_004.jpg 1 0 0 100 100
pos/00001437_019.jpg 1 0 0 100 100
pos/00003535_025.jpg 1 0 0 100 100
pos/00020505_022.jpg 1 0 0 100 100
pos/00013615_024.jpg 1 0 0 100 100
pos/00016213_007.jpg 1 0 0 100 100
pos/00022192_032.jpg 1 0 0 100 100
pos/00016705_004.jpg 1 0 0 100 100
pos/00006759_001.jpg 1 0 0 100 100
pos/00013818_000.jpg 1 0 0 100 100
pos/00014647_009.jpg 1 0 0 100 100
pos/00001855_008.jpg 1 0 0 100 100
pos/00027648_005.jpg 1 0 0 100 100
pos/00011391_006.jpg 1 0 0 100 100
pos/00000583_045.jpg 1 0 0 100 100
pos/00009305_002.jpg 1 0 0 100 100
pos/00005032_000.jpg 1 0 0 100 100
pos/00028874_003.jpg 1 0 0 100 100
pos/00010509_003.jpg 1 0 0 100 100
pos/00008401_006.jpg 1 0 0 100 100
pos/00010531_073.jpg 1 0 0 100 100
pos/00017405_013.jpg 1 0 0 100 100
pos/00001317_002.jpg 1 0 0 100 100
pos/00000261_002.jpg 1 0 0 100 100
pos/00014436_008.jpg 1 0 0 100 100
pos/00003528_043.jpg 1 0 0 100 100
pos/00001529_005.jpg 1 0 0 100 100
pos/00020845_002.jpg 1 0 0 100 100
pos/00018319_001.jpg 1 0 0 100 100
pos/00021369_002.jpg 1 0 0 100 100
pos/00001582_021.jpg 1 0 0 100 100
pos/00011553_007.jpg 1 0 0 100 100
pos/00026753_004.jpg 1 0 0 100 100
pos/00021127_018.jpg 1 0 0 100 100
pos/00012297_004.jpg 1 0 0 100 100
pos/00007624_024.jpg 1 0 0 100 100
pos/00014234_000.jpg 1 0 0 100 100
pos/00026729_000.jpg 1 0 0 100 100
pos/00005639_003.jpg 1 0 0 100 100
pos/00025421_001.jpg 1 0 0 100 100
pos/00022815_066.jpg 1 0 0 100 100
pos/00005673_003.jpg 1 0 0 100 100
pos/00013678_006.jpg 1 0 0 100 100
pos/00014022_102.jpg 1 0 0 100 100
pos/00022815_043.jpg 1 0 0 100 100
pos/00018464_027.jpg 1 0 0 100 100
pos/00011842_002.jpg 1 0 0 100 100
pos/00014201_008.jpg 1 0 0 100 100
pos/00011702_043.jpg 1 0 0 100 100
pos/00008745_034.jpg 1 0 0 100 100
pos/00019894_038.jpg 1 0 0 100 100
pos/00026179_003.jpg 1 0 0 100 100
pos/00018319_000.jpg 1 0 0 100 100
pos/00020945_020.jpg 1 0 0 100 100
pos/00012158_025.jpg 1 0 0 100 100
pos/00027320_010.jpg 1 0 0 100 100
pos/00027415_064.jpg 1 0 0 100 100
pos/00002052_002.jpg 1 0 0 100 100
pos/00013304_002.jpg 1 0 0 100 100
pos/00006260_001.jpg 1 0 0 100 100
pos/00000499_008.jpg 1 0 0 100 100
pos/00029481_004.jpg 1 0 0 100 100
pos/00010544_007.jpg 1 0 0 100 100
